4294967293,131
4294967293,130
4294967293,129
4294967293,128
4294967293,127
4294967293,126
4294967293,125
4294967293,124
4294967293,123
4294967293,122
4294967293,121
4294967293,120
4294967293,119
4294967293,118
4294967293,117
4294967293,116
4294967293,115
4294967293,114
4294967293,113
4294967293,112
4294967293,111
4294967293,110
4294967293,109
4294967293,108
4294967293,107
4294967293,106
4294967293,105
4294967293,104
4294967293,103
4294967293,102
4294967293,101
4294967293,100
4294967293,99
4294967293,98
4294967293,97
4294967293,96
4294967293,95
4294967293,94
4294967293,93
4294967293,92
4294967293,91
4294967293,90
4294967293,89
4294967293,87
4294967293,86
4294967293,85
4294967293,84
4294967293,83
4294967293,82
4294967293,81
4294967293,80
4294967293,79
4294967293,78
4294967293,77
4294967293,76
4294967293,75
4294967293,74
4294967293,73
4294967293,72
4294967293,71
4294967293,70
4294967293,69
4294967293,68
4294967293,67
4294967293,66
4294967293,65
4294967293,64
4294967293,63
4294967293,62
4294967293,61
4294967293,60
4294967293,59
4294967293,58
4294967293,57
4294967293,56
4294967293,55
4294967293,54
4294967293,53
4294967293,52
4294967293,51
4294967293,50
4294967293,49
4294967293,48
4294967293,47
4294967293,46
4294967293,45
4294967293,44
4294967293,43
4294967293,42
4294967293,41
4294967293,40
4294967293,39
4294967293,38
4294967293,37
4294967293,36
4294967293,35
4294967293,34
4294967293,33
4294967293,32
4294967293,31
4294967293,30
4294967293,29
4294967293,28
4294967293,27
4294967293,26
4294967293,25
4294967293,24
4294967293,23
4294967293,22
4294967293,21
4294967293,20
4294967293,19
4294967293,18
4294967293,17
4294967293,16
4294967293,15
4294967293,14
4294967293,13
4294967293,12
4294967293,11
4294967293,10
4294967293,9
4294967293,8
4294967293,7
4294967293,6
4294967293,5
4294967293,4
4294967293,3
4294967278,337
4294967278,228
4294967278,108
4294967278,226
4294967278,107
4294967278,97
4294967278,91
4294967278,85
4294967278,84
4294967278,83
4294967278,82
4294967278,336
4294967278,332
4294967278,80
4294967278,79
4294967278,77
4294967278,76
4294967278,75
4294967278,74
4294967278,73
4294967278,72
4294967278,71
4294967278,70
4294967278,69
4294967278,66
4294967278,331
4294967278,61
4294967278,60
4294967278,305
4294967278,51
4294967278,46
4294967278,45
4294967278,298
4294967278,44
4294967278,43
4294967278,42
4294967278,41
4294967278,40
4294967278,293
4294967278,39
4294967278,38
4294967278,36
4294967278,335
4294967278,35
4294967278,288
4294967278,34
4294967278,33
4294967278,32
4294967278,31
4294967278,30
4294967278,29
4294967278,28
4294967278,27
4294967278,26
4294967278,25
4294967278,24
4294967278,23
4294967278,22
4294967278,21
4294967278,20
4294967278,19
4294967278,18
4294967278,17
4294967278,16
4294967278,15
4294967278,14
4294967278,13
4294967278,12
4294967278,11
4294967278,10
4294967278,9
4294967278,8
4294967278,2
4294967278,260
4294967279,411
4294967279,408
4294967279,410
4294967279,49
4294967279,46
4294967279,45
4294967279,44
4294967279,43
4294967279,42
4294967279,40
4294967279,303
4294967279,39
4294967279,38
4294967279,36
4294967279,35
4294967279,174
4294967279,407
4294967279,260
4294967294,1563
4294967294,99
4294967294,8
4294967294,9
4294967294,46
4294967294,107
4294967294,1116
4294967294,84
4294967294,2
4294967294,24
4294967279,402
4294967279,312
4294967279,308
4294967279,412
4294967294,1993
4294967294,1575
4294967294,1576
4294967294,1561
4294967294,1990
4294967294,1428
4294967294,1994
4294967294,1543
4294967294,1991
1,3
1,0
4294967294,72
4294967294,935
4294967294,933
4294967294,931
4294967294,70
4294967294,1825
4294967294,929
4294967294,1826
4294967294,926
4294967294,925
4294967294,923
4294967294,922
4294967294,921
4294967294,919
4294967294,918
4294967294,917
4294967294,916
4294967294,911
4294967294,910
4294967294,909
4294967294,907
4294967294,899
4294967294,895
4294967294,894
4294967294,893
4294967294,892
4294967294,888
4294967294,886
4294967294,885
4294967294,883
4294967294,882
4294967294,881
4294967294,880
4294967294,876
4294967294,874
4294967294,930
4294967294,869
4294967294,868
4294967294,866
4294967294,864
4294967294,862
4294967294,860
4294967294,1986
4294967294,859
4294967294,858
4294967294,856
4294967294,853
4294967294,1822
4294967294,852
4294967294,719
4294967294,850
4294967294,849
4294967294,846
4294967294,845
4294967294,844
4294967294,842
4294967294,841
4294967294,1
4294967294,518
4294967294,1566
4294967294,838
4294967294,837
4294967294,835
4294967294,834
4294967294,833
4294967294,831
4294967294,830
4294967294,829
4294967294,828
4294967294,826
4294967294,823
4294967294,1820
4294967294,822
4294967294,1917
4294967294,821
4294967294,820
4294967294,819
4294967294,818
4294967294,1821
4294967294,817
4294967294,815
4294967294,1006
4294967294,812
4294967294,810
4294967294,1410
4294967294,1409
4294967294,1408
4294967294,809
4294967294,1012
4294967294,806
4294967294,805
4294967294,804
4294967294,800
4294967294,799
4294967294,798
4294967294,796
4294967294,795
4294967294,794
4294967294,793
4294967294,1819
4294967294,791
4294967294,789
4294967294,788
4294967294,787
4294967294,786
4294967294,785
4294967294,784
4294967294,1872
4294967294,1818
4294967294,782
4294967294,714
4294967294,780
4294967294,1425
4294967294,777
4294967294,776
4294967294,773
4294967294,771
4294967294,769
4294967294,703
4294967294,701
4294967294,700
4294967294,695
4294967294,694
4294967294,692
4294967294,689
4294967294,688
4294967294,686
4294967294,685
4294967294,684
4294967294,683
4294967294,1817
4294967294,682
4294967294,680
4294967294,678
4294967294,674
4294967294,672
4294967294,666
4294967294,664
4294967294,663
4294967294,661
4294967294,658
4294967294,657
4294967294,654
4294967294,653
4294967294,651
4294967294,0
4294967294,650
4294967294,648
4294967294,647
4294967294,646
4294967294,644
4294967294,642
4294967294,641
4294967294,640
4294967294,638
4294967294,637
4294967294,1816
4294967294,636
4294967294,1172
4294967294,1167
4294967294,633
4294967294,632
4294967294,52
4294967294,1546
4294967294,629
4294967294,627
4294967294,623
4294967294,621
4294967294,620
4294967294,619
4294967294,613
4294967294,612
4294967294,609
4294967294,607
4294967294,605
4294967294,604
4294967294,598
4294967294,597
4294967294,596
4294967294,1115
4294967294,592
4294967294,591
4294967294,590
4294967294,589
4294967294,588
4294967294,586
4294967294,582
4294967294,580
4294967294,579
4294967294,577
4294967294,560
4294967294,555
4294967294,553
4294967294,1558
4294967294,568
4294967294,551
4294967294,725
4294967294,557
4294967294,544
4294967294,427
4294967294,543
4294967294,713
4294967294,571
4294967294,542
4294967294,540
4294967294,573
4294967294,537
4294967294,721
4294967294,533
4294967294,572
4294967294,720
4294967294,709
4294967294,814
4294967294,569
4294967294,715
4294967294,811
4294967294,706
4294967294,1569
4294967294,1984
4294967294,1567
4294967294,1873
4294967294,1812
4294967294,1811
4294967294,1470
4294967294,1810
4294967294,1808
4294967294,1889
4294967294,1858
4294967294,1803
4294967294,1802
4294967294,1859
4294967294,1801
4294967294,1599
4294967294,1799
4294967294,1559
4294967294,1591
4294967294,1796
4294967294,1795
4294967294,1794
4294967294,1479
4294967294,1792
4294967294,1478
4294967294,1583
4294967294,1538
4294967294,1455
4294967294,1568
4294967294,1584
4294967294,969
4294967294,1206
4294967294,422
4294967294,443
4294967294,444
4294967294,1588
4294967294,1595
4294967294,1579
4294967294,442
4294967294,1590
4294967294,1582
4294967294,1597
4294967294,1574
4294967294,1207
4294967294,1194
4294967294,1915
4294967294,1874
4294967294,1870
4294967294,1865
4294967294,514
4294967294,1596
4294967294,520
4294967294,532
4294967294,531
4294967294,1577
4294967294,527
4294967294,1722
4294967294,1721
4294967294,1720
4294967294,1719
4294967294,1718
4294967294,1716
4294967294,1715
4294967294,1714
4294967294,1713
4294967294,1712
4294967294,1711
4294967294,1710
4294967294,1709
4294967294,1708
4294967294,1707
4294967294,1717
4294967294,1706
4294967279,400
4294967278,328
4294967279,399
4294967279,398
4294967279,397
4294967278,327
4294967279,396
4294967279,395
4294967279,393
4294967294,1476
4294967294,1477
4294967294,1472
4294967294,1474
4294967294,1439
4294967294,1465
4294967294,1458
4294967294,1449
4294967294,1445
4294967294,1456
4294967294,1451
4294967294,1454
4294967294,1450
4294967294,1446
4294967294,1460
4294967294,1461
4294967294,1475
4294967294,1457
4294967294,1467
4294967294,1431
4294967294,1433
4294967294,1437
4294967294,1427
4294967294,1432
4294967294,124
4294967294,391
4294967294,727
4294967294,187
4294967294,182
4294967294,176
4294967294,1099
4294967294,1098
4294967294,1100
4294967294,1545
4294967294,1096
4294967294,174
4294967294,179
4294967294,172
4294967294,171
4294967294,173
4294967294,170
4294967294,188
4294967294,1095
4294967294,1094
4294967294,393
4294967294,69
4294967294,38
4294967294,389
4294967294,1705
4294967294,1704
4294967294,1703
4294967294,1702
4294967294,1701
4294967294,1699
4294967294,1698
4294967294,1697
4294967294,1696
4294967294,1695
4294967294,1694
4294967294,1693
4294967294,1692
4294967294,1691
4294967294,1690
4294967294,1700
4294967294,1689
4294967294,1688
4294967294,1687
4294967294,1686
4294967294,1685
4294967294,1684
4294967294,1682
4294967294,1681
4294967294,1680
4294967294,1679
4294967294,1678
4294967294,1677
4294967294,1676
4294967294,1675
4294967294,1674
4294967294,1673
4294967294,1683
4294967294,1672
4294967294,1671
4294967294,1670
4294967294,1669
4294967294,1668
4294967294,1667
4294967294,1665
4294967294,1664
4294967294,1663
4294967294,1662
4294967294,1661
4294967294,1660
4294967294,1659
4294967294,1658
4294967294,1657
4294967294,1656
4294967294,1666
4294967294,1655
4294967294,1654
4294967294,1653
4294967294,1652
4294967294,1651
4294967294,1650
4294967294,1648
4294967294,1647
4294967294,1646
4294967294,1645
4294967294,1644
4294967294,1643
4294967294,1642
4294967294,1641
4294967294,1640
4294967294,1639
4294967294,1649
4294967294,1638
4294967294,1637
4294967294,1636
4294967294,1635
4294967294,1634
4294967294,1633
4294967294,1631
4294967294,1630
4294967294,1629
4294967294,1628
4294967294,1627
4294967294,1626
4294967294,1625
4294967294,1624
4294967294,1623
4294967294,1622
4294967294,1632
4294967294,1621
4294967294,1620
4294967294,1619
4294967294,1618
4294967294,1617
4294967294,1616
4294967294,1614
4294967294,1613
4294967294,1612
4294967294,1611
4294967294,1610
4294967294,1609
4294967294,1608
4294967294,1607
4294967294,1606
4294967294,1605
4294967294,1615
4294967294,1604
4294967294,1603
4294967294,1602
4294967294,1601
4294967294,1600
4294967294,383
4294967294,381
4294967294,380
4294967294,379
4294967294,378
4294967294,377
4294967294,376
4294967294,375
4294967294,374
4294967294,373
4294967294,372
4294967294,382
4294967294,371
4294967294,370
4294967294,369
4294967294,368
4294967294,367
4294967294,366
4294967294,364
4294967294,363
4294967294,362
4294967294,361
4294967294,360
4294967294,359
4294967294,358
4294967294,357
4294967294,356
